2.2323988198758964 -5.4695717158934665 3.6563519345902855
3.5703087330489613 -8.188597285622597 4.962875847744246
3.6923913608327807 -9.411163516231676 6.081765857836887
4.108916403410194 -10.719358720048712 7.030625298977951
4.56657366721645 -11.968029129020048 7.822935979081246
4.983512513051118 -13.098941458319572 8.53767439404147
5.36959721586528 -14.140681516799972 9.193730253012875
5.730729964035761 -15.111205170116094 9.803281093015206
6.071434567529499 -16.023680390789618 10.3750205268514
6.394860905010104 -16.88731478147553 10.915060396765158
6.703378942605254 -17.708983415829657 11.427935782219782
6.998812150049145 -18.49422627158183 11.917370836779504
7.283026683981853 -19.24774657202754 12.386248628070366
7.556696404650943 -19.972491802935515 12.836812285426255
7.821388123807645 -20.671990261170894 13.271074132656848
8.077544415455675 -21.348177987622766 13.690509619454492
8.326295091864564 -22.003633731545285 14.096594161573014
8.567809338022707 -22.639603318465603 14.490376378150726
8.803147204080119 -23.258213416542034 14.87297318318949
9.032480218666402 -23.86043154761502 15.245149997484337
9.256255408213582 -24.4474597807289 15.607673731506587
9.474900038514491 -25.020408389233978 15.961236372555469
9.688755625356658 -25.580241594806672 16.306456282993064
9.898086108289144 -26.127703699327185 16.643815160984698
10.102982211639384 -26.6633668231706 16.973779927834606
10.303981308091554 -27.18817855089663 17.29679927050706
10.50134051290234 -27.702909551028885 17.61337328613583
10.694897141136975 -28.207528239294852 17.923616715476182
10.88515788902404 -28.703001921233994 18.228007784849748
11.072100961935819 -29.189547234168664 18.526783381571107
11.25605681613642 -29.667854760886573 18.82029652869429
11.437055921045536 -30.138092859469346 19.108702397945898
11.615212939817397 -30.600634900324696 19.392239431301423
11.790608060780173 -31.05578039310499 19.671133745516723
11.96363266675712 -31.504119396395 19.94560599887487
12.134132213145325 -31.945666799576188 20.21579714903603
12.302103910822531 -32.380543123084244 20.48183873042615
12.467874972860539 -32.80932793543321 20.74398584967318
12.631535565380954 -33.232199301162055 21.00233494825667
12.792968145615397 -33.64915504738088 21.256988812017603
13.571425670291704 -35.65472650784362 22.479729969488655
14.297135552123411 -37.53264781252225 23.63903840079038
14.975012932918569 -39.298312344036596 24.74492518655965
15.620341163698265 -40.97455490413955 25.792851463130006
16.237323096648126 -42.571943560472135 26.78927006837946
16.829155301919396 -44.09870304647951 27.739329009355284
17.398877914238295 -45.56212377823421 28.64732894569315
17.94878382489613 -46.96791562656973 29.51674007374667
18.48132347196325 -48.321580440220885 30.35068640125826
18.998033281215168 -49.62718335154533 31.15173772170396
19.500710456329976 -50.8886543966325 31.922049861605654
19.990966737883493 -52.10956023992161 32.66361826261041
20.470208357986888 -53.29299754242833 33.3781739219122
20.939416066661607 -54.44126410073127 34.06705506648455
21.39984323129137 -55.55706230579579 34.73171623379041
21.852605325200603 -56.642575189224495 35.37326250844084