0.034881231560560881 -0.68369646448668331 3.6563519345902855
0.013946518488472505 -0.51178733035141233 4.9628758477442458
0.0064104016681124669 -0.39213181317631984 6.0817658578368867
0.0040126136752052675 -0.33497996000152225 7.0306252989779514
0.0028541085420102814 -0.2992007282255012 7.8229359790812456
0.0021629828615673257 -0.27289461371499107 8.5376743940414705
0.0017122440101611225 -0.25251216994285663 9.1937302530128751
0.0013991039951259181 -0.23611258078306396 9.8032810930152063
0.0011711872236746718 -0.22255111653874468 10.375020526851401
0.00099919701640782872 -0.21109143476844416 10.915060396765158
0.00086562228081162886 -0.20123844790715517 11.427935782219782
0.00075941972114248535 -0.1926481903289774 11.917370836779504
0.00067335675702494941 -0.1850744862694956 12.386248628070366
0.000602415210829954 -0.1783258196690671 12.836812285426255
0.00054315195304219753 -0.17226658550975746 13.271074132656848
0.00049301418551365203 -0.16678264052830286 13.690509619454492
0.00045016733844423462 -0.16179142449665651 14.096594161573014
0.00041318524971174319 -0.15721946748934446 14.490376378150726
0.00038102264560596085 -0.15301456195093444 14.87297318318949
0.0003528312585416563 -0.14912769717259386 15.245149997484337
0.0003279568951322839 -0.14552059393291011 15.607673731506587
0.00030587874607807626 -0.14216141130246579 15.961236372555469
0.00028617543789451373 -0.13902305214568844 16.306456282993064
0.00026850276986461439 -0.13608179010066243 16.643815160984698
0.00025257455529098462 -0.13331683411585299 16.973779927834606
0.0002381652484303706 -0.13071239687931072 17.296799270507059
0.0002250801721729754 -0.12825421088439298 17.613373286135829
0.00021314766304880771 -0.12592646535399488 17.923616715476182
0.00020223613795006018 -0.12371983586738791 18.228007784849748
0.00019222397503360796 -0.12162311347570277 18.526783381571107
0.0001830134107722493 -0.11962844661647812 18.820296528694289
0.00017451562379525049 -0.11772692523230213 19.108702397945898
0.00016665537390693006 -0.11591149583456324 19.392239431301423
0.00015936699909142751 -0.11417566320994481 19.671133745516723
0.00015259735544333061 -0.11251471212998215 19.945605998874871
0.00014629306777036704 -0.1109224541651951 20.215797149036032
0.0001404093306111045 -0.1093937267671765 20.481838730426151
0.00013491035072780188 -0.10792542084024083 20.74398584967318
0.00012976182985475175 -0.10651345929859632 21.002334948256671
0.00012493132954702536 -0.10515360952306525 21.256988812017603
0.00010471779066583105 -0.099040906966232273 22.479729969488655
8.9357097200771322e-05 -0.093831619531305629 23.63903840079038
7.7350273413835581e-05 -0.089314346236446809 24.744925186559652
6.7796619634107058e-05 -0.085363656050290726 25.792851463130006
6.0049271807130643e-05 -0.08186912223167718 26.789270068379459
5.3664398284181751e-05 -0.078747684011570548 27.739329009355284
4.8330216428439704e-05 -0.075936872963723687 28.64732894569315
4.3820273010000312e-05 -0.073387368166515199 29.516740073746671
3.9968260103726752e-05 -0.071061147706207181 30.350686401258258
3.6647440743084814e-05 -0.068926643543812949 31.151737721703959
3.3761617826056053e-05 -0.066958755785042762 31.922049861605654
3.123588552794296e-05 -0.065136950299902019 32.663618262610413
2.9011066266988222e-05 -0.063444044693367063 33.3781739219122
2.7039535210048562e-05 -0.061865072841740074 34.067055066484549
2.5283368657007765e-05 -0.060388111201951943 34.731716233790408
2.3711594319879128e-05 -0.059002682488775514 35.373262508440838